# Omegam Omegab h ns sigma8 w0 wa b1 b2 b3 b4 b5 b6 b7 b8 b9 b10 AIA betaIA etaIA
20280695.128349017	-12951776.206909645	3268388.552321632	4287598.083137324	23932980.602322433	2083818.8944902988	510587.4143281277	-888321.841767617	372342.40835493885	584478.1990853903	689388.2889577152	726400.4043408585	774955.7029215286	694377.783135708	783747.2521971588	707635.0327709137	444764.4749838244	17723.469047677765	10022.966950622322	31065.640922988663
-12951776.206909645	20429568.534591865	-4955306.467394009	-6017739.337886665	-36391342.36712217	-6355484.910683096	-1320060.4760661619	-2548870.4551044377	-2062326.845015097	-1634569.28933607	-1536903.2277649567	-1398884.9359713322	-1360373.2146162922	-1140393.1260498075	-1219365.993745441	-1043245.89036542	-606209.0059957753	278.0686871805977	-1906.2421727485287	-296.4856403913437
3268388.552321632	-4955306.467394009	1241359.9239019693	1625707.8859158708	8910461.78941645	1520076.0694797693	311044.1265531691	748420.387832545	534228.8913158624	397871.4600024724	359377.7783010835	318960.6039876808	305755.7347099089	254497.616099258	270977.58529888955	230594.65513833458	132001.14021674613	-207.37970200685916	582.889742539853	-97.34331113753647
4287598.083137324	-6017739.337886665	1625707.8859158708	2682615.091665926	10652052.295775374	1637884.8522171963	304296.1297311844	1528069.8255177224	862074.0322036489	529257.4802739783	397167.75715538464	292458.0619240416	232049.425478489	160081.69578903107	138425.85463474994	88210.02558404393	25751.92297839024	-874.5034220042071	1192.687807614074	-891.077686284959
23932980.602322433	-36391342.36712217	8910461.78941645	10652052.295775374	80905613.37934747	14154819.540007291	2896091.4421315296	6113768.487995975	5176122.814921748	4051330.2187953107	3692363.2655435395	3228850.455960065	3007611.303690667	2416058.1083012023	2479269.3603064492	2056387.3326262245	1245967.905669247	412.89937532883465	3359.029685502559	1919.9787782054038
2083818.8944902988	-6355484.910683096	1520076.0694797693	1637884.8522171963	14154819.540007291	2960140.8671906907	610942.4596278609	1188898.7475760144	995230.7806396852	791392.3241557367	733045.0710709618	649079.0906294052	612821.9362347516	498235.7286083906	517232.3967161459	434670.34561863594	268052.09220585704	1383.3682305643335	-497.066583783492	1947.6593998756275
510587.4143281277	-1320060.4760661619	311044.1265531691	304296.1297311844	2896091.4421315296	610942.4596278609	130379.7747820727	164271.377424981	169311.68768981038	149080.90564976213	147835.89334341304	138407.56001339928	137053.56665769801	116139.86364037385	125489.97181599711	110193.76752874143	71554.70448137901	506.72119124419874	-56.007978863122005	760.2333354924855
-888321.841767617	-2548870.4551044377	748420.387832545	1528069.8255177224	6113768.487995975	1188898.7475760144	164271.377424981	3680368.2837824346	368650.82409311447	7458.288106099232	3084.137707493326	549.1741442750821	154.2796739120975	68.74060197147324	32.06293286606073	2.966616433443752	5.157904666929511	88.93764248749395	-253.12806727939517	50.59082605621514
372342.40835493885	-2062326.845015097	534228.8913158624	862074.0322036489	5176122.814921748	995230.7806396852	169311.68768981038	368650.82409311447	1920264.1130011238	356439.45384265465	9274.119355513201	2415.2032565858262	390.7074192357551	29.658112165109692	12.767720516918706	1.753219521054262	1.8285835770982397	-31.68299329415025	32.76045230529342	-31.8511316561806
584478.1990853903	-1634569.28933607	397871.4600024724	529257.4802739783	4051330.2187953107	791392.3241557367	149080.90564976213	7458.288106099232	356439.45384265465	1166686.0302185994	342253.7385676413	8771.394123256341	2044.4895503513765	296.2979168795343	29.57189907026458	6.260755462465026	0.842268091076118	16.804147041524743	3.1038183565599216	16.772875340384427
689388.2889577152	-1536903.2277649567	359377.7783010835	397167.75715538464	3692363.2655435395	733045.0710709618	147835.89334341304	3084.137707493326	9274.119355513201	342253.7385676413	954013.2089965116	302983.18337231735	10594.064912354941	1812.432060620971	248.76822428292178	17.963795475670807	5.071897417573682	5.013484985712239	-11.997245335679056	3.9543245190298766
726400.4043408585	-1398884.9359713322	318960.6039876808	292458.0619240416	3228850.455960065	649079.0906294052	138407.56001339928	549.1741442750821	2415.2032565858262	8771.394123256341	302983.18337231735	768846.2427723976	269044.9960132013	8370.297792896023	1685.8980670637807	135.19170258975367	11.056260643065364	-9.566664059768044	10.973870500484937	-4.701862853967393
774955.7029215286	-1360373.2146162922	305755.7347099089	232049.425478489	3007611.303690667	612821.9362347516	137053.56665769801	154.2796739120975	390.7074192357551	2044.4895503513765	10594.064912354941	269044.9960132013	707134.3529341043	232353.80663281854	11666.811654711018	1043.3803564779118	75.38676807847867	35.41270639790044	-51.746452279067995	37.12871239712199
694377.783135708	-1140393.1260498075	254497.616099258	160081.69578903107	2416058.1083012023	498235.7286083906	116139.86364037385	68.74060197147324	29.658112165109692	296.2979168795343	1812.432060620971	8370.297792896023	232353.80663281854	525884.9306020158	197950.1275570032	4904.064313990101	385.1462008865501	38.73230448385531	-51.21526527953091	45.86424842250331
783747.2521971588	-1219365.993745441	270977.58529888955	138425.85463474994	2479269.3603064492	517232.3967161459	125489.97181599711	32.06293286606073	12.767720516918706	29.57189907026458	248.76822428292178	1685.8980670637807	11666.811654711018	197950.1275570032	619254.2785703457	151285.20440775758	2769.7230128767583	55.416635404053665	-12.160081790198507	83.17296222281055
707635.0327709137	-1043245.89036542	230594.65513833458	88210.02558404393	2056387.3326262245	434670.34561863594	110193.76752874143	2.966616433443752	1.753219521054262	6.260755462465026	17.963795475670807	135.19170258975367	1043.3803564779118	4904.064313990101	151285.20440775758	578399.2498630704	75899.15196791948	-48.70341579120961	-26.654116018462023	-95.89822003281103
444764.4749838244	-606209.0059957753	132001.14021674613	25751.92297839024	1245967.905669247	268052.09220585704	71554.70448137901	5.157904666929511	1.8285835770982397	0.842268091076118	5.071897417573682	11.056260643065364	75.38676807847867	385.1462008865501	2769.7230128767583	75899.15196791948	404622.4368488022	-267.3231588391522	-155.22264106015598	-467.7010186060788
17723.469047677765	278.0686871805977	-207.37970200685916	-874.5034220042071	412.89937532883465	1383.3682305643335	506.72119124419874	88.93764248749395	-31.68299329415025	16.804147041524743	5.013484985712239	-9.566664059768044	35.41270639790044	38.73230448385531	55.416635404053665	-48.70341579120961	-267.3231588391522	3620.667130734452	593.077848196234	5796.063528364974
10022.966950622322	-1906.2421727485287	582.889742539853	1192.687807614074	3359.029685502559	-497.066583783492	-56.007978863122005	-253.12806727939517	32.76045230529342	3.1038183565599216	-11.997245335679056	10.973870500484937	-51.746452279067995	-51.21526527953091	-12.160081790198507	-26.654116018462023	-155.22264106015598	593.077848196234	1500.442606932051	1470.4491229766709
31065.640922988663	-296.4856403913437	-97.34331113753647	-891.077686284959	1919.9787782054038	1947.6593998756275	760.2333354924855	50.59082605621514	-31.8511316561806	16.772875340384427	3.9543245190298766	-4.701862853967393	37.12871239712199	45.86424842250331	83.17296222281055	-95.89822003281103	-467.7010186060788	5796.063528364974	1470.4491229766709	9474.66557589273
