6.815637475748467841e+04 1.574470558210291165e+04 5.117763229555160797e+04 -7.722507055454322835e+05 -4.363561315380292217e+04 8.737016387293636217e+04 2.461477819336049433e+05 1.091114960538727274e+01 9.667125639464718034e+00 9.023637949489188514e+00 7.033592578761925118e+00 1.298153102399478084e+05 1.214059366445663472e+05 1.169311636406111502e+05 1.056212150431595510e+05
1.574470558210305535e+04 4.153282498536258572e+03 1.469350784518396904e+04 -1.406369315287233621e+05 -1.040208288631096548e+04 1.117413120044762400e+04 6.378003206313613919e+04 2.019531485550653205e+00 1.939724041400330279e+00 1.971243337605242063e+00 1.625225851770622398e+00 2.674183076879864893e+04 2.657758425935691776e+04 2.743888195711693334e+04 2.533156085014385098e+04
5.117763229557994782e+04 1.469350784518831642e+04 5.351603318880875595e+06 1.339871470274260500e+06 -1.159583435267983237e+06 -5.234537864681344217e+04 -2.306630501303315628e+06 -8.655779125760312809e+01 -9.352944221700309413e+01 -5.793249371639239342e+01 -5.056338145361876713e+01 -2.092534021419341152e+05 -3.074660691165965982e+05 -3.437732528580493090e+04 8.427441936166974483e+04
-7.722507055453946814e+05 -1.406369315287154750e+05 1.339871470274814172e+06 1.674274293480233103e+07 -3.599492905380298034e+05 -1.972968945599208120e+06 -4.765018830177971162e+06 -2.831577262628952099e+02 -2.533203067685873293e+02 -1.973894174667025823e+02 -1.488999759073369944e+02 -2.145582383452845272e+06 -2.036735944346142933e+06 -1.756288325631367275e+06 -1.506445714790212689e+06
-4.363561315381019085e+04 -1.040208288631196410e+04 -1.159583435267993249e+06 -3.599492905378746218e+05 3.465286603305383469e+05 -1.383692987012817321e+04 5.756837508573117666e+05 2.475819579453192887e+01 2.681947881188612826e+01 1.644944455630491831e+01 1.368860129477478260e+01 3.833524371167155186e+04 5.713141946818128781e+04 -1.004355416449773111e+04 -5.066612658415702754e+04
8.737016387293118169e+04 1.117413120044644529e+04 -5.234537864687755791e+04 -1.972968945599202765e+06 -1.383692987010986326e+04 3.083434747026116238e+05 3.332908678343013162e+05 2.621988184275594591e+01 2.277243872254690515e+01 1.909965075628076647e+01 1.413664888034157308e+01 2.119781566127855622e+05 2.058042653080409509e+05 1.842428373710589658e+05 1.681460677751454641e+05
2.461477819335907116e+05 6.378003206313380360e+04 -2.306630501303442754e+06 -4.765018830177799799e+06 5.756837508573388914e+05 3.332908678342860076e+05 2.883452487376014236e+06 1.093240151351935907e+02 1.102378523870957849e+02 8.448877731766702937e+01 6.956307652357283189e+01 7.422077354665583698e+05 7.785538602485955926e+05 6.353827798195935320e+05 4.957547303275486920e+05
1.091114960539115941e+01 2.019531485551477878e+00 -8.655779125763173454e+01 -2.831577262629703000e+02 2.475819579453809638e+01 2.621988184276384715e+01 1.093240151352268441e+02 2.314728305409299511e-02 -9.839398817954557452e-05 -5.026082217824205363e-04 -4.014548922266955567e-04 1.345104021445827129e+02 -2.336407579511834143e-01 -4.769042722915741273e+00 -2.935550141228993937e+00
9.667125639467391451e+00 1.939724041400987975e+00 -9.352944221701713445e+01 -2.533203067686528698e+02 2.681947881189077876e+01 2.277243872255319701e+01 1.102378523871245335e+02 -9.839398818116404442e-05 2.082793409413017174e-02 -6.855445144536790464e-04 -2.673393175940897630e-04 -3.450349430164779463e+00 1.283717274164372668e+02 -5.461690599212029262e+00 -5.303129443107634344e+00
9.023637949484170306e+00 1.971243337604338342e+00 -5.793249371641191914e+01 -1.973894174666160097e+02 1.644944455630931657e+01 1.909965075627031794e+01 8.448877731765240640e+01 -5.026082217855730710e-04 -6.855445144572407589e-04 1.577411986009694470e-02 -3.043361063904162739e-04 -3.376642800287200874e+00 -5.270211017425839195e+00 1.054128556966993244e+02 -2.905119257285329049e+00
7.033592578758511848e+00 1.625225851769763752e+00 -5.056338145358425606e+01 -1.488999759072668780e+02 1.368860129476568055e+01 1.413664888033658151e+01 6.956307652353183357e+01 -4.014548922273068841e-04 -2.673393175958263296e-04 -3.043361063940127893e-04 1.209366449814546982e-02 -2.115216187825298189e+00 -3.658919564253879653e+00 -4.835139386918878124e+00 8.340185692761431824e+01
1.298153102399692289e+05 2.674183076880272711e+04 -2.092534021422078658e+05 -2.145582383453391492e+06 3.833524371174004045e+04 2.119781566128416453e+05 7.422077354668116895e+05 1.345104021445813771e+02 -3.450349430150587704e+00 -3.376642800259952004e+00 -2.115216187823091065e+00 1.206962328551371815e+06 -2.856591613482744651e+04 -3.048693807545369418e+04 -1.997995238797352795e+04
1.214059366445987398e+05 2.657758425936424828e+04 -3.074660691167053301e+05 -2.036735944346813718e+06 5.713141946821103920e+04 2.058042653081116150e+05 7.785538602488528704e+05 -2.336407579644884380e-01 1.283717274164382047e+02 -5.270211017390146857e+00 -3.658919564242903988e+00 -2.856591613492515899e+04 1.202679574056688230e+06 -4.545511450183727720e+04 -6.105006605080761801e+04
1.169311636405847967e+05 2.743888195711286971e+04 -3.437732528606912820e+04 -1.756288325630972395e+06 -1.004355416443364629e+04 1.842428373709987791e+05 6.353827798196213553e+05 -4.769042722932622880e+00 -5.461690599238918864e+00 1.054128556967086183e+02 -4.835139386888186230e+00 -3.048693807559285051e+04 -4.545511450212589989e+04 1.079734569095050450e+06 -3.815979411482955766e+04
1.056212150431239133e+05 2.533156085013443590e+04 8.427441936203581281e+04 -1.506445714789512334e+06 -5.066612658425228437e+04 1.681460677750991599e+05 4.957547303271121928e+05 -2.935550141234546828e+00 -5.303129443126715081e+00 -2.905119257316825188e+00 8.340185692760805125e+01 -1.997995238798057107e+04 -6.105006605093876715e+04 -3.815979411508007615e+04 9.554741206123852171e+05
