9.301747600306202366e+04 2.167872257186349452e+04 -2.224855241829044462e+04 -9.824701383521491662e+05 -4.443327959970656957e+04 1.178905182331701508e+05 3.517328006439816090e+05 7.249353525704546719e+00 1.793082496583051366e+01 9.411573754365393896e+00 9.393455315545509166e+00 1.093598045099287265e+05 1.995416917696824239e+05 1.377944572169583407e+05 1.751835106815350009e+05
2.167872257186353818e+04 5.495681679872184759e+03 -1.455926427725908616e+04 -2.128789956487650343e+05 -8.338956339302316337e+03 2.109507701083983920e+04 9.523792222880816553e+04 1.271002027029990433e+00 4.337323612444182963e+00 2.476177993604897765e+00 2.213532921839588941e+00 2.201555907854496763e+04 4.739589402957997663e+04 3.444753200504627603e+04 4.283626217351482046e+04
-2.224855241829772422e+04 -1.455926427726113434e+04 6.076462806187408976e+06 1.463565140223315684e+06 -1.223092872581757139e+06 8.612635712859220803e+04 -3.037817228587109130e+06 -1.075025451986986980e+02 -5.860302422394056521e+01 -7.648386515793681895e+01 -4.284403830006829850e+01 -4.749197643187950598e+05 -2.208327223468878947e+05 -3.883870502892662189e+05 5.537222983511321945e+04
-9.824701383521619719e+05 -2.128789956487680320e+05 1.463565140223308932e+06 1.765896957691253722e+07 -3.495172001081709750e+05 -1.940976824875195744e+06 -6.332308558224253356e+06 -1.995621279122505030e+02 -2.311102667877959789e+02 -2.067722632143552346e+02 -1.438815810165780249e+02 -2.062816669504889520e+06 -2.422859378651405219e+06 -2.264598138235073537e+06 -2.125642687250767369e+06
-4.443327959970429220e+04 -8.338956339301697881e+03 -1.223092872581760399e+06 -3.495172001081852941e+05 3.659010248450947111e+05 -5.789346176373424532e+04 6.883282955500303069e+05 2.939647224300513528e+01 5.675516298079283040e+00 2.443185368429358562e+01 5.158967062980171825e+00 1.410555746786029486e+05 -4.768524419824163488e+04 1.070488754348099174e+05 -1.154670609974993858e+05
1.178905182331704273e+05 2.109507701083989741e+04 8.612635712858848274e+04 -1.940976824875185732e+06 -5.789346176373460912e+04 3.004293247924653697e+05 4.283228098418648588e+05 1.804362106828959611e+01 2.177397509178626933e+01 1.291974592211298400e+01 1.641010086274078716e+01 2.111342436246026191e+05 2.563388086439818144e+05 1.853919129520980059e+05 2.603250356940186175e+05
3.517328006439906894e+05 9.523792222881046473e+04 -3.037817228587092832e+06 -6.332308558224256150e+06 6.883282955500205280e+05 4.283228098418658483e+05 3.907560239556316752e+06 1.005685213277324266e+02 1.066097683408231092e+02 1.156885238511470391e+02 6.519722434873621353e+01 8.615087935170163400e+05 9.556193220142123755e+05 1.060095691704703728e+06 7.416925681736251572e+05
7.249353525704631096e+00 1.271002027030030401e+00 -1.075025451987026628e+02 -1.995621279122524072e+02 2.939647224300600925e+01 1.804362106828956058e+01 1.005685213277352403e+02 1.431537785757646536e-02 -2.294719884588583558e-03 1.073029623665938855e-03 3.292737621806360857e-04 1.305019309504323246e+02 -2.640266736668001002e+01 -4.437604874831644786e+00 -7.130197488880856582e+00
1.793082496583260976e+01 4.337323612444683008e+00 -5.860302422393618826e+01 -2.311102667878084844e+02 5.675516298076565214e+00 2.177397509178823753e+01 1.066097683408259940e+02 -2.294719884588410520e-03 1.397054166956157931e-02 4.161907214370165020e-04 4.436211178627328115e-04 -2.853364585099974704e+01 1.312843051510265298e+02 1.662503080637469211e+01 1.859093019714342176e+01
9.411573754364633615e+00 2.476177993604673944e+00 -7.648386515793237095e+01 -2.067722632143439228e+02 2.443185368429291060e+01 1.291974592211223083e+01 1.156885238511398626e+02 1.073029623665728302e-03 4.161907214369916196e-04 1.088965015758981691e-02 4.545409001088761823e-04 8.862010220533743876e+00 -1.197766045287578462e+00 1.002258302414991391e+02 1.136812139855776893e+00
9.393455315544315454e+00 2.213532921839344692e+00 -4.284403830007258307e+01 -1.438815810165646951e+02 5.158967062981847818e+00 1.641010086273872659e+01 6.519722434873439454e+01 3.292737621804608245e-04 4.436211178623011907e-04 4.545409001091354150e-04 6.800844411311523369e-03 -1.409025503634293575e+00 4.273788447775083377e+00 2.010787280326334692e+00 7.478066033184383343e+01
1.093598045099280425e+05 2.201555907854497491e+04 -4.749197643188242218e+05 -2.062816669504889986e+06 1.410555746786099626e+05 2.111342436246015423e+05 8.615087935170327546e+05 1.305019309504326657e+02 -2.853364585100378292e+01 8.862010220535450955e+00 -1.409025503631476273e+00 1.543292709808649495e+06 -3.368564155726917088e+05 -5.615787246059051540e+04 -9.968824233513047511e+04
1.995416917697059107e+05 4.739589402958555729e+04 -2.208327223468361772e+05 -2.422859378651541658e+06 -4.768524419827385282e+04 2.563388086440044281e+05 9.556193220142405480e+05 -2.640266736667849656e+01 1.312843051510265866e+02 -1.197766045287605552e+00 4.273788447780273891e+00 -3.368564155726521858e+05 1.528887604624136351e+06 1.214824796416912286e+05 1.426862626458213199e+05
1.377944572169570019e+05 3.444753200504534470e+04 -3.883870502892046934e+05 -2.264598138235032558e+06 1.070488754347963986e+05 1.853919129521007708e+05 1.060095691704646219e+06 -4.437604874832963731e+00 1.662503080637494079e+01 1.002258302414995512e+02 2.010787280324942916e+00 -5.615787246059480094e+04 1.214824796416966274e+05 1.202927770463865483e+06 -9.710990439112290915e+03
1.751835106815191975e+05 4.283626217351150990e+04 5.537222983505115553e+04 -2.125642687250619754e+06 -1.154670609974738909e+05 2.603250356939941121e+05 7.416925681736104889e+05 -7.130197488882850543e+00 1.859093019713645845e+01 1.136812139860754467e+00 7.478066033184464345e+01 -9.968824233516729146e+04 1.426862626457375591e+05 -9.710990439081326258e+03 1.237752843610631069e+06
